0 tensor(0.2329, dtype=torch.float64, grad_fn=<AddBackward0>)
1 tensor(0.1774, dtype=torch.float64, grad_fn=<AddBackward0>)
2 tensor(0.2016, dtype=torch.float64, grad_fn=<AddBackward0>)
3 tensor(0.1761, dtype=torch.float64, grad_fn=<AddBackward0>)
4 tensor(0.1687, dtype=torch.float64, grad_fn=<AddBackward0>)
5 tensor(0.1673, dtype=torch.float64, grad_fn=<AddBackward0>)
6 tensor(0.1651, dtype=torch.float64, grad_fn=<AddBackward0>)
7 tensor(0.1624, dtype=torch.float64, grad_fn=<AddBackward0>)
8 tensor(0.1593, dtype=torch.float64, grad_fn=<AddBackward0>)
9 tensor(0.1557, dtype=torch.float64, grad_fn=<AddBackward0>)
tensor([ 0.8395,  0.0000,  0.0000,  0.0000,  0.0000, -0.4152,  0.0000,  0.0000,
         0.0000,  0.0000, -0.1918,  0.0000,  0.0000,  0.0000,  0.0000,  0.2932],
       dtype=torch.float64, grad_fn=<CatBackward0>)
Parameter containing:
tensor([-0.5744,  0.7009, -0.9916,  0.2387, -1.1878,  0.8903,  0.6699, -0.8589,
        -0.9249, -1.4157, -3.1435, -0.3854,  0.4974,  0.7406, -0.2909,  0.5131,
        -0.0565,  0.6480, -0.3612,  1.8562,  0.3043,  1.4195,  0.7572,  0.2736,
         1.7808, -0.2997,  1.4898, -0.3040, -1.6533, -0.8179, -1.8243,  1.6552,
        -0.7617,  1.7608, -1.0936, -0.7915,  2.0395, -0.3229,  0.9087,  2.8804,
        -0.2452,  0.8064, -0.1850,  0.1913,  1.2494,  0.8869, -1.2457,  0.5963,
        -2.4669,  0.7031,  1.0961,  2.0576,  1.5244,  1.0990,  0.4070, -0.3014,
         0.5695,  0.4321, -0.4102,  0.3275,  1.1840,  0.0787,  1.1544,  0.3904,
         0.2129,  1.1523, -1.4643,  0.2080, -1.7144,  0.8544,  0.1106,  1.2465,
        -0.1107,  0.0482, -1.4534,  0.6617, -1.0249,  0.9374, -1.8813, -0.6342,
        -0.8526, -1.2824,  1.1819,  0.7432,  0.6504, -0.1227, -1.1273,  1.2638,
        -0.0932, -1.5085,  1.8467,  1.0460, -1.2670, -2.5692, -0.5966, -0.1500,
        -0.4137,  0.0642, -0.6808,  2.6712, -0.8898, -0.2788,  1.0868,  0.6982,
         0.3035,  2.8862, -1.7532,  1.2594,  2.1546, -0.2237, -0.1362, -1.6182,
         0.2440, -0.6872, -0.8792,  1.9021,  0.8996,  1.2840, -1.4377,  1.6830,
        -0.8035,  1.2422,  2.0618, -0.2959, -0.1692,  0.9884,  0.5540,  1.0159,
         1.5115, -1.5958, -1.5877,  0.4852, -1.5383, -0.7259,  0.2988, -0.6602,
         0.0333,  0.6706,  1.7813], dtype=torch.float64, requires_grad=True)
0 tensor(0.1619, dtype=torch.float64, grad_fn=<AddBackward0>)
1 tensor(0.1259, dtype=torch.float64, grad_fn=<AddBackward0>)
2 tensor(0.1314, dtype=torch.float64, grad_fn=<AddBackward0>)
3 tensor(0.0930, dtype=torch.float64, grad_fn=<AddBackward0>)
4 tensor(0.0841, dtype=torch.float64, grad_fn=<AddBackward0>)
5 tensor(0.0708, dtype=torch.float64, grad_fn=<AddBackward0>)
6 tensor(0.0621, dtype=torch.float64, grad_fn=<AddBackward0>)
7 tensor(0.0634, dtype=torch.float64, grad_fn=<AddBackward0>)
8 tensor(0.0593, dtype=torch.float64, grad_fn=<AddBackward0>)
9 tensor(0.0535, dtype=torch.float64, grad_fn=<AddBackward0>)
tensor([ 0.8815,  0.0000,  0.0000,  0.0000,  0.0000, -0.4620,  0.0000,  0.0000,
         0.0000,  0.0000,  0.0971,  0.0000,  0.0000,  0.0000,  0.0000, -0.0077],
       dtype=torch.float64, grad_fn=<CatBackward0>)
Parameter containing:
tensor([-0.4917, -0.2078, -0.0792, -2.7781,  0.9579,  0.0459, -0.1407, -2.6403,
        -1.7233,  2.1801,  1.2353, -2.2120,  1.2525,  0.3881,  2.2999,  0.2041,
         2.3651,  0.0798,  0.3797,  0.1951,  1.8055,  1.0071,  0.0861, -0.2845,
        -0.3002,  0.1903, -1.2048, -0.7626, -1.2576,  0.6845,  0.8129, -0.0791,
         1.4514, -0.5224, -1.7312, -0.4939, -0.1461, -0.5477,  0.2912,  0.6019,
         0.6404, -0.3935,  0.5061,  0.4499, -0.4101,  1.0631, -0.6204,  0.9857,
         1.2277, -0.6799,  0.1591,  0.2007,  0.3165, -0.9578,  0.1084,  0.7235,
        -1.2846,  0.1722,  1.1698,  0.2548,  0.4068,  0.2362,  0.8173, -1.8456,
        -1.6696, -0.6205,  0.5059, -1.7942,  0.2481,  1.7324,  0.4056, -1.1910,
         1.5487, -2.2356, -0.4440, -1.9236, -1.7664, -1.4943,  0.6939,  2.1232,
         0.3745, -2.2980, -0.1696,  0.5927, -0.1653,  1.4844, -0.7131,  1.1084,
        -0.6610,  1.2041, -3.6004,  1.0307, -0.3839,  0.9897,  2.4840,  0.7854,
        -0.8144, -1.1945,  0.5780,  2.0207,  0.6708, -2.0101,  2.0250,  1.6540,
        -1.7665,  0.1341,  0.0217, -1.0076,  0.1868,  0.1462, -2.0577,  0.1646,
         0.7272, -0.4582,  1.1382, -0.9991, -1.2008, -0.0084, -1.7104, -0.2951,
         1.0066, -0.4435,  0.8487, -2.0162, -0.7193, -2.0947, -0.3811,  0.6444,
        -0.2684, -1.5869, -0.7458, -3.0354, -1.9447,  0.5419, -0.1432,  0.4927,
        -0.3375,  0.4221,  0.2603], dtype=torch.float64, requires_grad=True)
0 tensor(0.1924, dtype=torch.float64, grad_fn=<AddBackward0>)
1 tensor(0.2024, dtype=torch.float64, grad_fn=<AddBackward0>)
2 tensor(0.1887, dtype=torch.float64, grad_fn=<AddBackward0>)
3 tensor(0.1788, dtype=torch.float64, grad_fn=<AddBackward0>)
4 tensor(0.1755, dtype=torch.float64, grad_fn=<AddBackward0>)
5 tensor(0.1749, dtype=torch.float64, grad_fn=<AddBackward0>)
6 tensor(0.1748, dtype=torch.float64, grad_fn=<AddBackward0>)
7 tensor(0.1742, dtype=torch.float64, grad_fn=<AddBackward0>)
8 tensor(0.1735, dtype=torch.float64, grad_fn=<AddBackward0>)
9 tensor(0.1732, dtype=torch.float64, grad_fn=<AddBackward0>)
tensor([ 0.7223,  0.0000,  0.0000,  0.0000,  0.0000, -0.6131,  0.0000,  0.0000,
         0.0000,  0.0000, -0.2885,  0.0000,  0.0000,  0.0000,  0.0000,  0.1383],
       dtype=torch.float64, grad_fn=<CatBackward0>)
Parameter containing:
tensor([-7.6368e-01,  4.8092e-01, -4.4708e-01, -2.8010e-01, -1.0127e-01,
        -4.7250e-01, -1.1186e+00,  4.6641e-01, -8.1351e-01,  1.7982e-01,
        -7.4102e-01, -4.8616e-01,  9.5572e-02,  1.6247e+00,  3.5685e-01,
        -3.2924e-01, -2.0772e-01,  7.5851e-03,  1.0228e+00,  4.9358e-01,
         8.8762e-01,  9.6378e-02,  1.7959e+00,  1.1383e+00,  4.5269e-01,
         3.7822e-01, -1.7834e+00, -1.0889e+00, -2.5681e-01, -6.5590e-05,
         5.1024e-01,  6.6788e-01, -8.9940e-02, -5.0873e-01, -6.4163e-01,
         6.4293e-01, -1.8581e-01,  5.4113e-01,  8.1855e-01,  6.4905e-02,
        -1.0735e+00, -2.8200e-01, -1.4371e+00, -8.4985e-01, -3.8891e-01,
         4.6227e-01, -8.1626e-01,  2.0873e+00, -1.0155e+00,  4.0313e-01,
         9.8046e-01, -2.2653e+00, -5.1869e-01, -7.8027e-02,  9.1283e-01,
         5.1710e-01, -6.9372e-01,  7.1326e-01, -7.0462e-01, -1.6164e+00,
         7.8824e-01, -2.2809e-01,  1.5804e+00,  3.3572e-01, -8.9019e-01,
         2.2622e+00, -4.3305e-01, -1.2836e+00, -1.1356e+00,  5.5942e-01,
         2.6355e+00, -3.8194e-01, -1.4697e+00, -6.0188e-01,  5.1851e-01,
        -6.4134e-01,  1.3371e+00,  7.0229e-01,  1.8112e-01, -1.5517e-01,
        -9.7433e-02,  1.1537e+00,  3.5342e-01, -4.3847e-02, -2.9569e-01,
        -7.7230e-01, -5.3520e-02, -6.8493e-01,  5.6607e-02, -7.0339e-01,
        -1.2761e+00,  1.8463e+00, -7.3341e-01,  4.0096e-02, -2.7755e-01,
        -1.1239e+00,  2.1013e-01, -5.7234e-01,  5.5123e-01, -4.6790e-03,
        -4.7015e-01,  8.4294e-01,  4.5766e-02, -1.1515e+00,  4.7325e-01,
        -4.3045e-02,  1.6446e-01, -1.2026e+00, -1.6493e-01, -8.9994e-01,
        -1.2192e+00,  2.0961e-01, -2.0449e+00,  1.3395e+00, -2.6685e-01,
         6.9715e-01,  6.6542e-01, -1.3015e+00, -5.0604e-01,  2.3583e-03,
         8.5417e-01, -1.1936e+00,  1.5633e+00, -3.7204e-01,  1.6063e+00,
        -1.0560e+00, -2.4046e+00, -1.6950e+00, -1.1664e+00,  6.6847e-01,
         1.3085e+00,  8.4563e-02, -3.6703e-01,  1.2794e+00,  1.1946e+00,
        -4.1041e-01, -1.4379e+00,  6.5375e-01,  1.4638e+00],
       dtype=torch.float64, requires_grad=True)
0 tensor(0.1976, dtype=torch.float64, grad_fn=<AddBackward0>)
1 tensor(0.1602, dtype=torch.float64, grad_fn=<AddBackward0>)
2 tensor(0.1506, dtype=torch.float64, grad_fn=<AddBackward0>)
3 tensor(0.1318, dtype=torch.float64, grad_fn=<AddBackward0>)
4 tensor(0.1168, dtype=torch.float64, grad_fn=<AddBackward0>)
5 tensor(0.1085, dtype=torch.float64, grad_fn=<AddBackward0>)
6 tensor(0.0998, dtype=torch.float64, grad_fn=<AddBackward0>)
7 tensor(0.0867, dtype=torch.float64, grad_fn=<AddBackward0>)
8 tensor(0.0750, dtype=torch.float64, grad_fn=<AddBackward0>)
9 tensor(0.0674, dtype=torch.float64, grad_fn=<AddBackward0>)
tensor([ 0.8148,  0.0000,  0.0000,  0.0000,  0.0000, -0.0878,  0.0000,  0.0000,
         0.0000,  0.0000, -0.0329,  0.0000,  0.0000,  0.0000,  0.0000,  0.5721],
       dtype=torch.float64, grad_fn=<CatBackward0>)
Parameter containing:
tensor([-6.1847e-01, -1.4187e+00,  1.6282e+00, -1.9398e+00, -5.7032e-01,
         8.0959e-01,  2.1378e+00,  3.5047e-01, -1.6053e+00,  4.8739e-02,
        -3.8653e-01,  1.2323e+00,  1.0341e+00, -1.1288e+00,  3.3358e-02,
         6.1933e-01,  2.4571e+00,  6.4922e-01,  1.6412e+00, -4.4983e-01,
        -3.4802e-01, -1.3389e+00, -2.2797e+00, -1.8347e+00, -1.6196e+00,
        -8.4806e-01, -1.1196e+00, -2.2340e+00, -1.6588e-01,  8.1433e-01,
        -1.2958e+00,  1.3872e+00,  2.6549e+00,  1.2369e+00, -1.3862e+00,
         1.5017e+00, -2.1810e+00, -1.2661e+00,  3.8686e-01, -8.0452e-01,
         2.5525e+00,  1.8249e+00,  1.8532e+00,  3.8580e-01,  2.0996e+00,
         5.9238e-01,  1.5780e-01, -5.2332e-01, -1.3999e+00,  5.5915e-01,
         6.4609e-02, -2.3808e-01, -1.4745e+00,  9.7730e-01, -2.6000e-01,
         2.0081e+00, -1.7459e+00, -1.5368e-02, -1.1293e+00, -4.8590e-01,
         1.7735e+00, -2.0001e-01,  1.2070e+00,  1.7603e+00, -5.0251e-01,
         7.3504e-01, -2.6359e+00,  1.8684e+00, -2.0074e-03,  7.1471e-01,
         5.4330e-01,  1.2606e+00, -1.1188e+00, -6.4651e-01, -1.8520e-01,
         2.6264e-01,  4.6312e-01, -8.3678e-01, -1.2944e+00, -6.0068e-01,
         6.3553e-01,  2.2427e-01, -8.5468e-01, -1.2852e+00, -5.9538e-01,
        -1.1249e-01, -3.2278e-01, -1.3029e-01, -4.9501e-01,  9.5004e-01,
         1.1863e+00, -9.7168e-01,  2.2258e+00, -1.0268e+00, -4.5300e-01,
         1.4992e+00,  7.3480e-01, -7.4842e-01,  5.3746e-01, -1.9851e-02,
         2.3093e-01,  4.2390e-01,  7.2206e-01,  1.4794e-01,  8.3838e-01,
         2.3345e+00,  1.2887e+00, -1.3360e+00,  1.5453e-01, -4.3624e-01,
        -3.8932e-01,  1.0658e+00, -1.9327e+00, -1.0753e-01,  8.1085e-01,
         5.4960e-01,  1.0298e+00,  3.8678e-01, -7.4044e-02, -8.4404e-01,
        -1.3859e+00,  1.0441e+00, -1.3258e+00, -9.0800e-01,  1.3042e+00,
         1.7795e+00, -1.9767e-01, -2.4778e-01,  6.6083e-01,  1.4186e+00,
        -1.3169e+00,  2.0089e+00,  4.5789e-01,  6.0480e-01,  5.8882e-01,
         6.2963e-01,  2.8423e-01, -3.2653e+00, -1.6204e+00],
       dtype=torch.float64, requires_grad=True)
0 tensor(0.1781, dtype=torch.float64, grad_fn=<AddBackward0>)
1 tensor(0.1579, dtype=torch.float64, grad_fn=<AddBackward0>)
2 tensor(0.1456, dtype=torch.float64, grad_fn=<AddBackward0>)
3 tensor(0.1333, dtype=torch.float64, grad_fn=<AddBackward0>)
4 tensor(0.1216, dtype=torch.float64, grad_fn=<AddBackward0>)
5 tensor(0.1097, dtype=torch.float64, grad_fn=<AddBackward0>)
6 tensor(0.0974, dtype=torch.float64, grad_fn=<AddBackward0>)
7 tensor(0.0839, dtype=torch.float64, grad_fn=<AddBackward0>)
8 tensor(0.0724, dtype=torch.float64, grad_fn=<AddBackward0>)
9 tensor(0.0634, dtype=torch.float64, grad_fn=<AddBackward0>)
tensor([ 0.5088,  0.0000,  0.0000,  0.0000,  0.0000, -0.8568,  0.0000,  0.0000,
         0.0000,  0.0000,  0.0038,  0.0000,  0.0000,  0.0000,  0.0000,  0.0833],
       dtype=torch.float64, grad_fn=<CatBackward0>)
Parameter containing:
tensor([-1.0370, -0.0970,  1.5257,  0.9263,  2.3997, -2.1228,  2.0709, -0.9076,
        -2.4427,  1.4978,  0.3322,  0.5504, -1.7731, -1.7891,  0.0859, -0.2685,
         0.5233,  2.4838,  0.8418,  0.2538, -0.4560, -0.3768,  0.0418, -0.9283,
        -2.4315,  1.4349,  0.5784,  0.2084, -0.3690, -0.6047, -0.4100,  0.4853,
        -1.2953,  1.4411, -0.4264,  1.2737,  0.0545,  2.8936, -1.5390,  0.8982,
        -0.3536,  0.0427, -1.0520,  0.3573,  1.2604,  0.0833,  0.6931, -1.0822,
        -1.2356, -0.3663,  0.6572, -1.1478, -1.8646, -0.1194,  1.1805,  1.3983,
         0.0652, -0.2341, -0.8553, -1.0310,  0.4341,  0.1291, -0.8487,  0.5797,
        -1.6735,  1.2433,  0.5066, -0.3829, -1.5039, -0.4602,  0.0773, -0.0945,
        -0.8484, -0.6219, -1.3442,  0.5375, -0.2189,  2.3004,  0.4385, -0.2417,
         0.3230,  0.6760,  0.0538, -0.2147, -0.3952,  0.7746,  0.9851,  0.6621,
         0.9202,  1.5165,  0.3840, -0.2075, -0.6758, -0.2350,  0.5654, -0.1770,
        -0.3468,  0.6372, -0.4728,  0.4710, -1.7900, -0.7431, -1.3861, -0.1460,
        -0.2303,  2.0237, -0.5910, -0.9013, -0.4590,  0.1696,  1.6457,  0.0943,
        -1.0726,  1.1912,  1.4671,  0.4102, -1.0006, -0.8814, -1.0249,  2.4131,
         0.0691, -0.0204,  2.0526,  0.0884, -1.8348,  1.6296, -0.3352, -1.3720,
        -0.0723,  0.8140,  0.5452, -0.0592, -1.2008, -0.3819,  1.0138,  0.5939,
         1.6805,  1.2615,  0.3859], dtype=torch.float64, requires_grad=True)
0 tensor(0.2875, dtype=torch.float64, grad_fn=<AddBackward0>)
1 tensor(0.1724, dtype=torch.float64, grad_fn=<AddBackward0>)
2 tensor(0.1691, dtype=torch.float64, grad_fn=<AddBackward0>)
3 tensor(0.1705, dtype=torch.float64, grad_fn=<AddBackward0>)
4 tensor(0.1711, dtype=torch.float64, grad_fn=<AddBackward0>)
5 tensor(0.1701, dtype=torch.float64, grad_fn=<AddBackward0>)
6 tensor(0.1678, dtype=torch.float64, grad_fn=<AddBackward0>)
7 tensor(0.1651, dtype=torch.float64, grad_fn=<AddBackward0>)
8 tensor(0.1626, dtype=torch.float64, grad_fn=<AddBackward0>)
9 tensor(0.1598, dtype=torch.float64, grad_fn=<AddBackward0>)
tensor([ 0.6949,  0.0000,  0.0000,  0.0000,  0.0000,  0.6217,  0.0000,  0.0000,
         0.0000,  0.0000,  0.1087,  0.0000,  0.0000,  0.0000,  0.0000, -0.3447],
       dtype=torch.float64, grad_fn=<CatBackward0>)
Parameter containing:
tensor([ 8.0253e-01, -5.2656e-01,  1.8764e+00, -7.5823e-01, -2.0749e-01,
         1.1592e+00,  1.2085e+00, -6.4477e-01, -4.4995e-01,  3.5136e-01,
         8.8697e-01,  2.1747e-02,  1.5359e-01, -1.3719e+00,  2.0405e+00,
         1.9511e+00,  6.0870e-01, -1.5299e+00, -1.1479e+00,  2.1902e+00,
        -5.4369e-01,  2.2228e+00, -2.1717e-03,  1.3209e+00, -2.1286e+00,
        -1.0166e+00, -2.2557e-01,  2.9610e-01, -7.9828e-01, -6.7040e-01,
         6.7393e-01, -3.2067e-01, -1.7922e+00, -4.0418e-01, -2.1070e+00,
        -8.3949e-01,  4.1631e-02,  1.7366e-01,  1.5377e-01,  1.0363e+00,
        -7.7857e-01,  6.4846e-01, -2.0030e-02, -1.0448e+00, -2.0803e-02,
        -1.2554e+00,  7.5971e-01, -1.1711e+00,  2.4708e-01, -9.2247e-01,
        -9.7932e-01,  1.2160e+00,  5.0008e-02, -1.2062e+00, -1.1025e+00,
        -1.0302e+00,  1.4194e+00,  2.7798e-01,  1.2466e+00,  1.3250e-01,
        -1.7776e+00,  4.0201e-01,  6.0730e-01, -2.6813e-01,  2.6860e-02,
        -1.7525e-01,  2.1473e+00, -2.3710e+00, -3.7891e-01, -4.0409e-01,
         6.1707e-01, -6.7033e-01,  2.5286e-01, -5.7116e-01,  7.0024e-01,
         8.3822e-01, -2.2510e+00,  1.7736e+00,  1.8970e+00, -5.3787e-01,
        -3.5395e-01,  1.8988e-01, -6.5361e-01,  4.4286e-01, -1.5570e+00,
         4.0944e-01,  1.3013e-01,  4.9450e-01,  4.4166e-01,  2.9485e-01,
        -1.0323e+00,  5.5933e-01, -3.5581e-01,  3.0206e-01,  1.4933e+00,
        -1.4464e+00, -6.0116e-01, -5.8787e-02,  8.7617e-01, -9.3394e-01,
         8.5912e-01,  5.9250e-01,  9.6848e-01,  1.7303e-01,  5.0093e-01,
        -1.0222e+00,  1.5280e+00, -1.9817e+00, -1.4781e+00, -1.9611e-01,
         1.9910e-01,  1.2552e+00,  1.8880e+00, -4.2104e-01,  1.4383e+00,
        -1.6962e+00,  2.6969e-01,  6.4764e-01,  5.6731e-01,  3.8106e-01,
         1.9719e+00, -6.5330e-02, -1.8388e+00,  6.1798e-01,  7.7516e-02,
        -1.0222e-01,  1.4478e+00,  1.1270e+00,  3.6868e-02, -3.1908e-02,
        -1.8957e-02,  1.4821e+00,  5.4328e-01,  1.2082e+00, -1.4605e+00,
         1.2750e+00,  1.9025e+00,  6.0362e-01,  2.5733e-01],
       dtype=torch.float64, requires_grad=True)
0 tensor(0.2062, dtype=torch.float64, grad_fn=<AddBackward0>)
1 tensor(0.1683, dtype=torch.float64, grad_fn=<AddBackward0>)
2 tensor(0.1658, dtype=torch.float64, grad_fn=<AddBackward0>)
3 tensor(0.1624, dtype=torch.float64, grad_fn=<AddBackward0>)
4 tensor(0.1548, dtype=torch.float64, grad_fn=<AddBackward0>)
5 tensor(0.1496, dtype=torch.float64, grad_fn=<AddBackward0>)
6 tensor(0.1455, dtype=torch.float64, grad_fn=<AddBackward0>)
7 tensor(0.1357, dtype=torch.float64, grad_fn=<AddBackward0>)
8 tensor(0.1255, dtype=torch.float64, grad_fn=<AddBackward0>)
9 tensor(0.1186, dtype=torch.float64, grad_fn=<AddBackward0>)
tensor([ 0.6382,  0.0000,  0.0000,  0.0000,  0.0000,  0.5680,  0.0000,  0.0000,
         0.0000,  0.0000, -0.3145,  0.0000,  0.0000,  0.0000,  0.0000,  0.4137],
       dtype=torch.float64, grad_fn=<CatBackward0>)
Parameter containing:
tensor([ 0.8787, -0.7410, -0.9208, -0.5696,  0.2608, -1.3139, -2.0585,  0.1365,
         1.6646, -0.4316,  0.6613, -1.3230, -0.8447, -0.9870,  1.0035,  2.2647,
         1.4499, -2.5190,  0.3813, -0.7702, -1.3627, -0.8745, -0.7524,  1.8812,
         1.9211,  0.3716,  0.7558, -0.6428, -1.1733, -0.5577,  1.1414,  1.0747,
        -0.2193, -1.3257, -0.5393, -1.0751, -0.3832,  0.4475, -0.8324,  1.8863,
         0.1877,  0.0258,  0.9125,  1.5416, -1.2719,  0.4623, -0.6798, -0.2350,
         3.3767,  0.1051,  0.3932, -0.4702,  0.7248, -0.3973,  1.2147,  1.7380,
        -1.6974, -1.1265,  1.2341, -1.2018, -0.5981,  0.1481, -0.1651, -0.3083,
        -0.1227,  0.7391, -1.8194, -1.9630, -0.6459,  0.8828, -1.2622,  0.8284,
        -1.0549,  0.9339,  0.1884,  1.5437, -1.3622,  0.8064,  2.5646,  0.8362,
        -0.5658, -1.5520, -0.5128, -1.0359, -0.1769,  0.2208,  1.0782, -0.5147,
        -2.0163, -1.5371, -0.7933, -0.2069, -1.4592,  0.0329,  1.4715,  1.1851,
         0.4598, -0.2948,  1.3697, -0.1838, -0.6564,  0.7101, -0.8375,  0.5891,
        -0.3582, -0.8714, -1.0782, -0.2794, -1.0582, -2.2097,  0.1663, -0.9100,
        -0.5555,  1.9742,  0.1185, -0.9476, -1.4013,  2.4927,  0.5278,  0.6998,
        -0.4547,  1.6145, -0.2575, -2.0266,  1.5529,  0.6630, -0.1295, -0.9304,
         2.6531, -0.3238,  1.8175, -1.7427, -0.9608, -0.3273, -0.1994, -0.0951,
         0.9681,  0.2158, -0.5795], dtype=torch.float64, requires_grad=True)
0 tensor(0.2499, dtype=torch.float64, grad_fn=<AddBackward0>)
1 tensor(0.1731, dtype=torch.float64, grad_fn=<AddBackward0>)
2 tensor(0.1594, dtype=torch.float64, grad_fn=<AddBackward0>)
3 tensor(0.1585, dtype=torch.float64, grad_fn=<AddBackward0>)
4 tensor(0.1562, dtype=torch.float64, grad_fn=<AddBackward0>)
5 tensor(0.1500, dtype=torch.float64, grad_fn=<AddBackward0>)
6 tensor(0.1422, dtype=torch.float64, grad_fn=<AddBackward0>)
7 tensor(0.1359, dtype=torch.float64, grad_fn=<AddBackward0>)
8 tensor(0.1299, dtype=torch.float64, grad_fn=<AddBackward0>)
9 tensor(0.1206, dtype=torch.float64, grad_fn=<AddBackward0>)
tensor([ 0.4986,  0.0000,  0.0000,  0.0000,  0.0000, -0.5126,  0.0000,  0.0000,
         0.0000,  0.0000, -0.6864,  0.0000,  0.0000,  0.0000,  0.0000, -0.1324],
       dtype=torch.float64, grad_fn=<CatBackward0>)
Parameter containing:
tensor([ 1.0489, -2.2035,  0.1905,  0.7836,  1.0237,  0.4090,  0.4433,  0.8727,
        -1.8836, -2.4953,  0.4816,  0.0633, -2.4562,  0.7619,  1.3725, -0.9513,
        -0.8802,  0.0334, -0.0174,  1.1512,  0.5105, -0.8246,  2.2614,  0.5524,
        -0.3153,  1.6912,  0.6427,  1.9992, -1.6315,  0.1664, -1.0210, -0.3249,
         1.5377, -0.7586, -0.9183,  0.5804, -1.1938, -1.4215,  3.0271, -0.2951,
         0.3247, -1.3665, -2.4028, -1.1020, -0.2942,  2.9435,  0.1232, -0.2147,
         0.8145, -0.7078, -0.5603, -0.1940,  0.8593,  0.6017, -1.0326,  1.8835,
         0.4317, -0.3281, -1.4457, -1.6656, -0.9407, -0.0968,  2.6791, -1.2639,
         0.7319,  1.5721, -0.9880, -1.6109, -0.8933,  2.1709, -0.1563,  0.1138,
        -1.5809,  0.3325,  0.8457,  0.2572, -1.2090, -1.2410,  0.4942,  0.0578,
         0.7868, -0.7265,  1.2341,  1.5023, -1.2641, -1.4258, -0.8301, -2.8779,
         0.5371, -0.7026, -0.9100,  0.9328,  0.2653, -0.7864,  1.3481, -0.7802,
        -0.7353,  0.6795,  0.3906, -2.6486,  0.5756,  2.2605, -0.7234,  0.0156,
         0.9433,  1.1806,  0.4014, -0.0076, -1.7066, -0.5653,  1.1682, -1.5157,
        -2.2877,  1.2108,  0.8463, -0.7331,  0.4895, -0.5989,  1.2328, -2.1617,
         1.3918,  3.2902, -1.1566,  0.3372, -0.7708,  1.4055,  0.6620,  0.6400,
         1.3378,  0.0314,  0.3697, -0.7532,  1.2467, -0.3443,  0.9646,  2.0254,
        -0.0435,  0.6213,  1.2425], dtype=torch.float64, requires_grad=True)
0 tensor(0.1837, dtype=torch.float64, grad_fn=<AddBackward0>)
1 tensor(0.1823, dtype=torch.float64, grad_fn=<AddBackward0>)
2 tensor(0.1750, dtype=torch.float64, grad_fn=<AddBackward0>)
3 tensor(0.1725, dtype=torch.float64, grad_fn=<AddBackward0>)
4 tensor(0.1696, dtype=torch.float64, grad_fn=<AddBackward0>)
5 tensor(0.1642, dtype=torch.float64, grad_fn=<AddBackward0>)
6 tensor(0.1562, dtype=torch.float64, grad_fn=<AddBackward0>)
7 tensor(0.1468, dtype=torch.float64, grad_fn=<AddBackward0>)
8 tensor(0.1363, dtype=torch.float64, grad_fn=<AddBackward0>)
9 tensor(0.1239, dtype=torch.float64, grad_fn=<AddBackward0>)
tensor([ 0.4099,  0.0000,  0.0000,  0.0000,  0.0000, -0.3265,  0.0000,  0.0000,
         0.0000,  0.0000,  0.6559,  0.0000,  0.0000,  0.0000,  0.0000,  0.5432],
       dtype=torch.float64, grad_fn=<CatBackward0>)
Parameter containing:
tensor([-1.1484e+00, -1.2047e+00,  6.9168e-01, -8.8438e-03,  1.0757e+00,
        -2.3904e+00,  4.3466e-01,  8.7732e-01,  2.0364e-01, -6.0069e-02,
        -3.0078e-01, -1.4327e+00, -4.7445e-01, -2.6263e+00,  1.6596e+00,
         5.4476e-01,  1.5560e+00,  1.2306e+00,  7.7333e-01, -1.6159e+00,
         8.8314e-01,  7.8997e-01,  1.1835e+00,  2.1603e+00,  1.2054e+00,
        -1.6660e-01, -4.7381e-01, -7.9255e-01,  1.9825e+00,  1.4622e+00,
         8.1736e-01,  5.0959e-01, -1.2742e+00, -4.1822e-02, -5.6617e-01,
        -1.0478e+00,  9.6547e-01, -6.2878e-01,  9.4695e-01, -1.1249e+00,
        -1.4081e+00,  1.2357e+00,  1.5361e+00,  2.6154e+00, -1.5693e+00,
        -1.4249e-01, -1.1537e+00,  1.0888e+00,  6.8644e-01,  1.8377e-01,
         1.4217e+00,  6.8814e-01,  1.1969e+00,  1.9605e-02,  6.2400e-01,
         1.9355e+00, -3.7737e-01,  3.8711e-01,  2.0886e+00,  2.2091e-01,
         1.5758e+00,  8.5837e-01, -2.2842e+00, -2.8876e-01,  4.4855e-01,
         1.3575e-01, -1.5695e+00, -1.7752e+00, -6.0889e-01, -6.7238e-01,
         1.1812e+00, -1.9467e+00,  2.2931e+00, -1.1912e+00,  4.1034e-03,
        -1.5660e+00,  1.2548e+00,  6.8005e-01, -1.4537e+00, -1.4432e+00,
        -1.2211e+00,  7.2962e-01,  3.2426e-03, -7.9134e-01,  3.6722e-01,
        -1.3047e-01, -6.1684e-01,  1.6440e+00, -5.4890e-01,  6.1618e-01,
         2.6061e+00, -8.0686e-01, -1.3695e-02, -5.5379e-01,  2.2204e-01,
        -1.6655e+00, -3.5963e-01,  5.0881e-01,  1.5919e-01,  3.8277e+00,
         8.7666e-01,  7.0164e-01,  2.2559e+00,  1.7357e-01, -5.8595e-01,
        -2.0297e+00, -2.6744e-01, -4.0937e-01,  4.8756e-01, -3.3036e-01,
        -2.0959e+00, -4.1741e-01, -2.5563e+00,  4.2173e+00,  5.9224e-01,
         1.0595e+00,  8.4236e-02,  3.1849e-01,  1.5526e+00, -2.2269e-01,
        -1.8427e-01,  1.1574e+00,  9.5751e-02, -2.0785e+00,  1.2669e+00,
        -1.4016e+00, -1.1745e+00,  1.2375e+00,  7.4838e-01,  7.3830e-02,
         2.9029e-01, -4.7075e-01, -6.2879e-01,  2.0237e-01, -4.1046e-01,
        -3.2795e-01, -7.5604e-01, -2.3060e-01,  2.3758e+00],
       dtype=torch.float64, requires_grad=True)
0 tensor(0.1875, dtype=torch.float64, grad_fn=<AddBackward0>)
1 tensor(0.1816, dtype=torch.float64, grad_fn=<AddBackward0>)
2 tensor(0.1681, dtype=torch.float64, grad_fn=<AddBackward0>)
3 tensor(0.1671, dtype=torch.float64, grad_fn=<AddBackward0>)
4 tensor(0.1648, dtype=torch.float64, grad_fn=<AddBackward0>)
5 tensor(0.1558, dtype=torch.float64, grad_fn=<AddBackward0>)
6 tensor(0.1468, dtype=torch.float64, grad_fn=<AddBackward0>)
7 tensor(0.1394, dtype=torch.float64, grad_fn=<AddBackward0>)
8 tensor(0.1311, dtype=torch.float64, grad_fn=<AddBackward0>)
9 tensor(0.1213, dtype=torch.float64, grad_fn=<AddBackward0>)
tensor([ 0.7279,  0.0000,  0.0000,  0.0000,  0.0000, -0.5837,  0.0000,  0.0000,
         0.0000,  0.0000, -0.3591,  0.0000,  0.0000,  0.0000,  0.0000,  0.0229],
       dtype=torch.float64, grad_fn=<CatBackward0>)
Parameter containing:
tensor([-7.5551e-01,  5.5242e-01, -6.3809e-02,  7.6691e-01,  1.0560e+00,
        -1.4216e+00, -1.4093e+00,  1.7094e-03,  1.7717e+00, -1.0661e+00,
        -6.5624e-01, -1.2407e+00,  8.3970e-01, -1.8552e-01, -7.9184e-02,
         1.4470e+00,  5.7294e-01,  5.3496e-01, -2.4293e-01,  4.8690e-01,
         2.4238e-01,  9.4870e-01,  6.2588e-01,  4.6417e-01,  6.4917e-01,
        -6.2149e-01, -5.7773e-01, -1.1713e+00, -4.1631e-01,  6.4867e-01,
        -1.1724e+00, -1.8204e+00,  4.2022e-01,  1.4577e+00, -1.9924e+00,
        -1.6671e+00,  1.0808e-03,  1.2002e+00,  1.2757e+00, -7.7891e-01,
         1.1183e+00, -8.1257e-01, -9.3767e-01, -8.2495e-01,  1.9169e+00,
        -4.3803e-01,  2.1028e+00,  7.6609e-01, -7.0785e-02,  9.9507e-01,
        -1.6141e+00,  1.9631e-01,  5.9774e-02, -2.3588e-01, -9.5812e-01,
        -2.3915e+00,  7.5713e-01, -2.2931e-01, -2.2269e+00, -8.0943e-03,
         2.8974e-01, -1.5126e+00,  2.5748e-01, -2.1313e+00,  1.3124e+00,
        -2.1835e+00,  6.3528e-01,  7.5540e-01, -5.9153e-01, -2.9194e-01,
         1.3684e+00, -1.0354e+00,  4.2567e-01,  9.1355e-01,  9.5688e-01,
         5.3976e-01,  1.3461e+00, -2.2056e+00,  7.3258e-02,  1.3198e-01,
        -1.0877e+00,  1.1286e-01, -4.5737e-01,  1.5945e+00,  2.4233e-01,
        -1.0008e-02, -1.7387e+00,  7.1758e-01, -2.5715e+00, -3.2308e-02,
         9.8194e-01,  2.1245e-01,  1.9314e+00,  2.5086e+00,  1.2184e+00,
         7.4308e-01,  2.0573e-01,  7.4751e-01, -1.0582e-01,  3.9776e-01,
         1.1214e+00, -1.1873e+00,  6.3297e-01,  3.7893e-01,  1.2925e+00,
         9.3846e-01,  7.1080e-02, -1.4027e+00, -1.1668e+00,  1.0767e+00,
         1.6991e+00, -1.0157e-01,  1.3496e+00, -4.4459e-02,  1.3191e+00,
        -1.0116e+00, -4.4951e-01, -2.2153e-01, -5.4714e-01,  6.6821e-01,
         5.2127e-01,  7.2911e-01,  8.2583e-01,  1.2377e+00,  1.9863e-01,
         5.9440e-01, -6.3656e-01,  3.6986e-01, -1.9765e+00, -8.3368e-01,
         1.5580e+00,  9.0720e-01,  2.6630e-01, -1.6256e-01,  4.1174e-01,
        -1.3545e+00,  4.1905e-01,  1.2151e+00, -2.1679e-01],
       dtype=torch.float64, requires_grad=True)
0 tensor(0.1866, dtype=torch.float64, grad_fn=<AddBackward0>)
1 tensor(0.1660, dtype=torch.float64, grad_fn=<AddBackward0>)
2 tensor(0.1493, dtype=torch.float64, grad_fn=<AddBackward0>)
3 tensor(0.1352, dtype=torch.float64, grad_fn=<AddBackward0>)
4 tensor(0.1304, dtype=torch.float64, grad_fn=<AddBackward0>)
5 tensor(0.1288, dtype=torch.float64, grad_fn=<AddBackward0>)
6 tensor(0.1185, dtype=torch.float64, grad_fn=<AddBackward0>)
7 tensor(0.1095, dtype=torch.float64, grad_fn=<AddBackward0>)
8 tensor(0.0968, dtype=torch.float64, grad_fn=<AddBackward0>)
9 tensor(0.0909, dtype=torch.float64, grad_fn=<AddBackward0>)
tensor([-0.0853,  0.0000,  0.0000,  0.0000,  0.0000,  0.0733,  0.0000,  0.0000,
         0.0000,  0.0000, -0.8660,  0.0000,  0.0000,  0.0000,  0.0000,  0.4873],
       dtype=torch.float64, grad_fn=<CatBackward0>)
Parameter containing:
tensor([ 1.6562, -1.4971, -0.5126, -2.2608, -0.1198, -1.4997, -0.5662,  1.8942,
         0.1284, -0.7620, -1.7055, -1.0762,  0.8270,  1.6867, -0.5604, -0.2030,
         1.0964,  0.0562,  0.0536, -0.7390, -0.6656,  0.2682,  1.7687,  0.8077,
        -0.5623,  0.1859,  1.3010,  2.0072,  1.1847, -0.3744,  0.9063,  1.8255,
        -0.8960,  0.6473, -0.1577,  1.9239,  1.3544,  0.7516,  0.2658,  0.3670,
         0.6802, -1.1989, -1.6190, -2.6077,  0.5853,  0.1682,  0.0514, -0.4268,
         1.9492, -1.3988,  0.4410,  0.2939,  2.1840,  1.6994, -0.5061,  1.0203,
         0.4784, -0.3516,  0.7235, -0.2105, -1.8160, -0.0690, -0.8888, -1.2711,
        -1.5997,  0.9138, -0.8547, -0.9108, -0.0833, -1.9494,  0.4094,  0.0394,
         1.4404, -0.6754,  0.4418,  0.8476, -1.5314,  0.7369, -0.7105, -0.4743,
        -0.3729, -0.8275, -0.4092, -0.4777, -1.3675, -0.3256,  1.0442,  0.6483,
        -2.3508,  0.8058, -0.7789,  1.8844,  1.9998, -0.4328, -0.7512, -1.2008,
        -0.9972,  1.2542,  0.6302, -0.7926,  3.3984,  0.1262,  1.7060, -0.1031,
        -1.2907, -0.3725, -0.3759, -1.4006, -1.2413,  0.3226, -1.9458,  1.3094,
        -1.5445, -0.3839,  0.0628,  1.8066, -0.3762, -0.0286, -0.2707,  0.9610,
        -1.1006,  1.2967, -0.5465, -1.1030,  0.7195, -0.1840, -0.2291, -1.4666,
        -0.4258,  0.1194, -0.2417,  0.7985,  1.2646, -1.8511,  0.0326,  2.3966,
         1.2027,  0.6268,  1.6738], dtype=torch.float64, requires_grad=True)
0 tensor(0.3425, dtype=torch.float64, grad_fn=<AddBackward0>)
1 tensor(0.2161, dtype=torch.float64, grad_fn=<AddBackward0>)
2 tensor(0.1673, dtype=torch.float64, grad_fn=<AddBackward0>)
3 tensor(0.1587, dtype=torch.float64, grad_fn=<AddBackward0>)
4 tensor(0.1630, dtype=torch.float64, grad_fn=<AddBackward0>)
5 tensor(0.1606, dtype=torch.float64, grad_fn=<AddBackward0>)
6 tensor(0.1554, dtype=torch.float64, grad_fn=<AddBackward0>)
7 tensor(0.1521, dtype=torch.float64, grad_fn=<AddBackward0>)
8 tensor(0.1448, dtype=torch.float64, grad_fn=<AddBackward0>)
9 tensor(0.1355, dtype=torch.float64, grad_fn=<AddBackward0>)
tensor([-0.4635,  0.0000,  0.0000,  0.0000,  0.0000, -0.8836,  0.0000,  0.0000,
         0.0000,  0.0000, -0.0400,  0.0000,  0.0000,  0.0000,  0.0000,  0.0522],
       dtype=torch.float64, grad_fn=<CatBackward0>)
Parameter containing:
tensor([-2.0528,  0.0743, -0.9166,  0.2996,  0.1347,  0.2982,  1.5568, -0.9590,
        -0.6878, -0.2884, -1.5410, -1.0134, -0.6866, -0.1174, -1.0359,  1.1498,
        -0.4536, -0.5473,  0.0508,  1.3565,  1.2657, -2.0950,  1.1606,  0.0214,
        -0.6865,  1.7323,  0.1015, -0.6337, -0.3867, -1.0683,  1.7224, -1.0010,
         0.3942, -0.3385, -0.7103,  0.1387, -0.1254, -0.1326, -0.5529, -0.9764,
         1.3200,  0.9454,  0.0595, -0.9716, -1.1808,  1.7123,  2.0868, -1.3839,
        -0.3042, -2.2106,  0.2344,  0.0476, -2.4089,  0.8377, -1.4361, -0.1305,
         0.5021,  1.2960, -0.2610, -0.7367, -1.0266, -1.3261,  1.4144,  0.6345,
        -0.8786, -0.4751, -1.0418, -0.9312,  0.1803,  1.4998,  1.4189,  1.3116,
        -0.1578,  0.0732,  0.9694,  0.4135, -0.4222, -1.3955,  2.2049, -0.3696,
        -0.4703, -1.2024, -0.5195,  0.9333,  1.4019, -2.2208, -0.9409, -0.2242,
         0.5814, -0.2232,  0.2321,  2.4580,  1.7612, -0.7029, -0.5304,  0.7412,
         0.8398, -0.6759, -0.7915, -0.0130,  0.4723, -1.8459, -1.3319,  0.5667,
        -0.8961, -0.7483, -0.6152, -0.8953, -0.4594,  0.1215,  0.2480,  0.5766,
        -1.1134, -0.6077,  0.7704,  0.4676,  0.0331,  2.0768,  1.1338, -1.4370,
        -0.5422, -1.4813,  0.0856, -3.0249, -1.4150, -1.4991, -0.0744,  1.5535,
         1.0012,  1.8534,  0.2303, -0.1173, -0.7547, -0.5150,  0.9123,  0.3761,
         1.8181, -0.6133,  0.7304], dtype=torch.float64, requires_grad=True)
